1.440000000000000000e+02 8.390000000000000000e+02
1.472271363794979493e+02 8.387262656390919346e+02
1.483015769170504825e+02 8.392172843209289113e+02
1.503367764425944415e+02 8.422833476450678063e+02
1.505825819161183574e+02 8.447802696437391887e+02
2.788595172337842882e+02 9.030922108320299913e+02
2.782465787768781524e+02 9.041266128002439473e+02
2.776508140903054596e+02 9.051214023982297476e+02
2.770441936709475499e+02 9.060877292452856864e+02
2.761962654364072023e+02 9.076578225275958403e+02
2.753034232029227724e+02 9.092425424662411615e+02
2.748871954448838437e+02 9.117038017109041448e+02
2.701703335755192370e+02 8.789664082707765829e+02
2.711045069397893599e+02 8.831032990606222484e+02
2.728212313285850996e+02 8.862982977152197464e+02
2.758468715909146454e+02 8.889126664519734504e+02
2.791492697091309196e+02 8.882637475543787104e+02
2.816577496815893369e+02 8.865188103690112484e+02
2.845409354262024522e+02 8.835873121693263101e+02
2.875242887795282059e+02 8.808533700786342706e+02
2.917118105750597579e+02 8.945713995577393689e+02
2.943778435959829949e+02 8.914498851576371408e+02
2.960107563170161598e+02 8.889501001458678502e+02
2.972102846178311211e+02 8.876151497766137481e+02
2.984584138984120614e+02 8.862536649015461307e+02
2.991946881619678607e+02 8.859987525368026127e+02
2.999791180861552107e+02 8.857022685313851298e+02
3.007191009029157840e+02 8.854603657742435416e+02
2.926079689854684602e+02 8.831074520813724575e+02
2.934258682447998581e+02 8.828554365729644360e+02
2.941950376393040756e+02 8.825486353902095971e+02
2.950048589406629276e+02 8.822341696761920957e+02
2.960209533688943111e+02 8.863448044060354505e+02
2.968846700887090151e+02 8.904223841186467325e+02
2.972687530512677654e+02 8.944460662025678630e+02
2.973557341205345210e+02 8.977682793899679154e+02
2.900772782936355156e+02 9.044440603455410610e+02
2.899672521839850674e+02 9.077142012556950021e+02
2.898326289065899459e+02 9.118252159945924404e+02
2.899994169256806913e+02 9.150937122697037012e+02
2.900288956973563472e+02 9.183198365132496974e+02
2.902307078632770185e+02 9.208062919359136913e+02
2.909006492986120520e+02 9.248965454255609302e+02
2.920138309406572148e+02 9.289502551201961751e+02
2.928138737847805828e+02 9.330732978565529265e+02
3.025591008930146586e+02 9.394487551495031994e+02
3.018736020970532081e+02 9.427809000471679610e+02
2.985045611164958927e+02 9.442590112672615987e+02
2.958031555299477873e+02 9.455135689116659705e+02
2.926287998391860015e+02 9.472690611085930641e+02
2.893773151869564799e+02 9.489409329972497744e+02
2.852581267266149894e+02 9.498077945789556225e+02
2.860909876204106581e+02 9.456737004254567864e+02
2.997909115941772598e+02 9.545391631841948765e+02
2.963523540660348203e+02 9.522527791578983170e+02
2.937101939298914886e+02 9.491088063404383774e+02
2.919544807812462750e+02 9.451098129680939337e+02
2.902096815942423405e+02 9.418588312458865630e+02
2.890780588475199124e+02 9.387166005914500602e+02
2.879820054349767133e+02 9.363523898026652432e+02
2.866990870955725654e+02 9.332679896575638168e+02
3.099378341236813981e+02 9.705024232265722048e+02
3.067855903218948015e+02 9.678918743530838356e+02
3.042015856469998880e+02 9.664002786405848155e+02
3.016595220660284440e+02 9.640378223766932706e+02
2.989890728422446387e+02 9.609772673417319311e+02
2.962280040950599869e+02 9.570180831377358572e+02
2.934853941952759442e+02 9.537453044247248499e+02
2.911274603841641806e+02 9.504368754569816247e+02
2.509748942107706284e+02 9.098289452378451188e+02
2.492630039449713024e+02 9.066170958657864958e+02
2.470256509528315405e+02 9.032276663830224379e+02
2.446223861278575384e+02 8.999133469801705587e+02
2.411469641099114085e+02 8.977813105274628924e+02
2.430667367180894018e+02 8.940700152673197181e+02
2.398500896597037695e+02 8.950260941908203449e+02
2.365194332440903793e+02 8.965154348810488045e+02
2.356793391821425416e+02 9.071411453812244190e+02
2.346602270196100619e+02 9.078302747672154283e+02
2.337795619172127033e+02 9.084364190018927729e+02
2.338541957291629103e+02 9.117616196946844411e+02
2.341993970358821855e+02 9.150438411622608328e+02
2.341061582107819845e+02 9.183033443535139213e+02
2.330894041194250690e+02 9.215172427914634454e+02
2.320528566275539220e+02 9.247484062285545861e+02
2.315614426137763644e+02 9.189701878665360937e+02
2.312740893004531699e+02 9.213422908007456726e+02
2.305595541566235909e+02 9.247546934953926439e+02
2.296233748709165923e+02 9.279522655480224103e+02
2.275833964006859276e+02 9.309840923029595388e+02
2.258480987196765852e+02 9.334784006480427934e+02
2.236151561884634020e+02 9.369800741226049468e+02
2.224644110251628604e+02 9.393621211002297287e+02
2.325924025869130389e+02 9.338357335310867029e+02
2.316343339993654524e+02 9.353861517750448229e+02
2.302953633197269880e+02 9.384767912131125058e+02
2.289973865215057742e+02 9.416122909695850467e+02
2.282007378138333991e+02 9.440383796585226719e+02
2.280686602133599479e+02 9.456828453071004787e+02
2.279841721465262196e+02 9.473767502754404859e+02
2.264396893643783812e+02 9.527914960408207889e+02
2.282038698488434534e+02 9.559755364861882754e+02
2.306052110237803277e+02 9.585219606227544773e+02
2.340350287158995570e+02 9.599156453989666034e+02
2.365247727884816697e+02 9.600183925935413072e+02
2.381888794339979540e+02 9.598537307693413823e+02
2.398150867619175415e+02 9.596495385535519063e+02
2.430501457431919619e+02 9.587350897455925178e+02
2.464615257793067826e+02 9.574254552262196967e+02
2.454655365176404587e+02 9.504036023305372964e+02
2.486083107054951711e+02 9.492335889792026364e+02
2.510772839283824283e+02 9.483046829464791472e+02
2.550390758376923657e+02 9.462386232718795327e+02
2.584683882493666260e+02 9.443596168729073952e+02
2.606876624625310797e+02 9.423736700804726070e+02
2.619915577030686222e+02 9.385605839101788206e+02
2.604658798376406139e+02 9.346260500009051384e+02
2.501976566728749560e+02 9.387124836314064851e+02
2.521439608233093566e+02 9.360995280886828596e+02
2.496688377937791756e+02 9.368733391653457829e+02
2.463898509216239461e+02 9.377723678949317900e+02
2.431466437489611678e+02 9.387327777157253195e+02
2.390174740483964797e+02 9.393238698047194930e+02
2.365737367186937661e+02 9.396177860838769220e+02
2.331195735786851060e+02 9.383105519706548421e+02
2.299501510812601737e+02 9.399077312105587225e+02
2.284909050066049474e+02 9.366451787594428424e+02
2.276238718041103937e+02 9.333318332434599824e+02
2.273269339526767112e+02 9.300879184597552012e+02
2.273365756970818552e+02 9.292668983911026999e+02
2.269569208666042357e+02 9.260065685724587183e+02
2.269942374598758477e+02 9.227051690634979195e+02
2.267363676974757425e+02 9.194371924752955465e+02
2.301935640943524959e+02 9.110821228137582466e+02
2.298985017224929948e+02 9.078069588110092809e+02
2.296817632031058736e+02 9.045356031619339774e+02
2.296119483119412052e+02 9.012057871515665965e+02
2.297153083061963059e+02 8.979501866735524800e+02
2.300821781420374919e+02 8.955217338551011608e+02
2.312117307956147556e+02 8.923146801019341865e+02
2.322321062455488345e+02 8.899536625225396165e+02
2.340125338427212967e+02 8.906196749559625232e+02
2.356733632460689307e+02 8.889346484617525448e+02
2.381585090191412064e+02 8.873358735997151143e+02
2.413273668322419780e+02 8.855050417626996477e+02
2.453651783022259849e+02 8.851160402875190130e+02
2.494725252673411546e+02 8.848027453325323677e+02
2.527244731664081598e+02 8.858201628377812540e+02
2.508645188815664255e+02 8.835351083991839687e+02
2.532247150016986552e+02 8.868760986531788149e+02
2.550018844551336201e+02 8.901137911385474126e+02
2.567541461825268811e+02 8.933263256439606721e+02
2.580542750891906394e+02 8.964768171111766151e+02
2.596334794865780395e+02 8.997862137299482583e+02
2.607445473202838002e+02 9.030351184892649599e+02
2.624625898243213555e+02 9.062786274615665434e+02
2.642658010544786293e+02 9.095034033774552427e+02
2.513056635166181252e+02 9.225300526317586218e+02
2.538967076195125401e+02 9.248665758822077123e+02
2.555249813629564528e+02 9.257443469565672558e+02
2.581619036416322501e+02 9.280514985428586670e+02
2.600619387048376439e+02 9.303181531996854119e+02
2.620003766022717286e+02 9.333916251332855154e+02
2.638218035375606405e+02 9.357104423332448278e+02
2.792683837729403535e+02 9.384944994530277427e+02
2.807616803806230337e+02 9.395156887194322053e+02
2.824805057120823335e+02 9.400844385560689034e+02
2.841960892212993599e+02 9.406671298932550371e+02
2.876102160352206738e+02 9.401269437740020294e+02
2.900450587700975689e+02 9.376192509730345819e+02
2.920789723633984636e+02 9.336996625571656523e+02
2.927686209430178224e+02 9.303615306779493039e+02
2.928006528857503099e+02 9.270716214048854908e+02
2.960059371945134217e+02 9.182625410210499695e+02
2.949306762707763028e+02 9.150513141667914851e+02
2.930666648926340372e+02 9.118682425700129670e+02
2.912831228326314204e+02 9.086750550060016849e+02
2.892675047381207492e+02 9.056640861396170976e+02
2.869975061047493909e+02 9.022019774438512059e+02
2.843278890623562916e+02 8.990415805956924942e+02
2.816163060051227376e+02 8.959442768202583238e+02
2.750828592011123988e+02 8.966383477784963816e+02
2.717654606410219458e+02 8.941587800250404143e+02
2.685262599592275023e+02 8.924991047004430129e+02
2.651185824041141359e+02 8.911916046724946909e+02
2.626215693604818284e+02 8.879322304973030668e+02
2.620572114417075227e+02 8.837747815487018670e+02
2.625049729757322439e+02 8.796977476716849651e+02
2.628804338833639349e+02 8.772620004674731717e+02
2.830497189195631904e+02 8.885238650204710211e+02
2.829433454879290366e+02 8.861108231629303873e+02
2.816936890025838238e+02 8.820922420082501958e+02
2.801832770434214694e+02 8.787133992947308343e+02
2.779715394987598529e+02 8.752668821001072956e+02
2.755360290653864013e+02 8.719804730879442332e+02
2.730323563313048680e+02 8.679348829268193413e+02
2.744575300342792730e+02 8.779665804186888636e+02
2.717953168937155510e+02 8.748701832073695641e+02
2.685665877480215613e+02 8.723529894893313212e+02
2.655883664483881716e+02 8.694695273220002036e+02
2.638156423401380835e+02 8.661947742599930962e+02
2.620132087684737598e+02 8.630349885627765616e+02
2.612959429440644499e+02 8.596182001336404710e+02
2.621464819318715627e+02 8.538543785639778889e+02
2.637210102830343317e+02 8.496983840262261083e+02
2.572773587176649244e+02 8.384641735463982286e+02
2.597628654956799892e+02 8.376008874594822373e+02
2.622410232665670833e+02 8.383436003456588423e+02
